[Temperature]
hightempvalue=105.07999420166
hightemptime=7/13/2014 4:34:57 PM
lowtempvalue=-18.5799999237061
lowtemptime=2/6/2014 7:25:46 AM
lowchillvalue=-18.5799999237061
lowchilltime=2/6/2014 7:25:46 AM
highmintempvalue=59.3600006103516
highmintemptime=8/13/2014 11:55:00 PM
lowmaxtempvalue=1.20000004768372
lowmaxtemptime=11/5/2013 1:54:00 PM
highapptempvalue=102.247871398926
highapptemptime=7/15/2014 2:19:35 PM
lowapptempvalue=-372.21826171875
lowapptemptime=7/18/2014 8:18:41 PM
highheatindexvalue=99.8524322509766
highheatindextime=7/15/2014 2:19:35 PM
highdewpointvalue=65.4969711303711
highdewpointtime=8/3/2014 5:05:40 PM
lowdewpointvalue=-33.8157768249512
lowdewpointtime=2/6/2014 7:00:15 AM
hightemprangevalue=58.8600006103516
hightemprangetime=7/29/2014
lowtemprangevalue=0
lowtemprangetime=7/27/2014

[Wind]
highwindvalue=805.073364257813
highwindtime=7/18/2014 8:18:41 PM
highgustvalue=115.649604797363
highgusttime=10/9/2014 12:40:03 PM
highdailywindrunvalue=114.635772705078
highdailywindruntime=3/17/2014 11:59:00 PM

[Rain]
highrainratevalue=29.879997253418
highrainratetime=4/22/2014 3:41:00 PM
highdailyrainvalue=8.09999847412109
highdailyraintime=11/7/2013 11:30:37 PM
highhourlyrainvalue=3.59999847412109
highhourlyraintime=11/7/2013 2:19:00 PM
highmonthlyrainvalue=21.9472427368164
highmonthlyraintime=11/30/2013
longestdryperiodvalue=20
longestdryperiodtime=12/22/2013
longestwetperiodvalue=8
longestwetperiodtime=2/18/2014

[Pressure]
highpressurevalue=1041.90002441406
highpressuretime=4/29/2014 8:28:07 AM
lowpressurevalue=901.200012207031
lowpressuretime=1/16/2014 5:38:07 PM

[Humidity]
highhumidityvalue=99
highhumiditytime=10/21/2013 7:16:12 AM
lowhumidityvalue=10
lowhumiditytime=5/1/2014 2:58:36 PM

