[General]
Date=10/9/2014
[Wind]
Speed=9.84251976013184
SpTime=10/6/2014 2:31:11 PM
Gust=115.649604797363
Time=10/9/2014 12:40:03 PM
Windrun=23.9650936126709
WindrunTime=10/2/2014 8:39:00 PM
[Temp]
Low=27.8600006103516
LTime=10/3/2014 7:16:52 AM
High=86.5400009155273
HTime=10/6/2014 2:14:30 PM
LowMax=62.9600028991699
LMTime=10/2/2014 3:28:00 PM
HighMin=42.9799995422363
HMTime=10/4/2014 6:41:00 AM
LowRange=30.5999984741211
LowRangeTime=10/8/2014
HighRange=49.1399993896484
HighRangeTime=10/6/2014
[Pressure]
Low=1006.80004882813
LTime=10/7/2014 5:48:03 PM
High=1025
HTime=10/3/2014 7:27:12 AM
[Rain]
High=0
HTime=10/1/2014
HourlyHigh=0
HHourlyTime=10/1/2014
DailyHigh=0
HDailyTime=10/1/2014
LongestDryPeriod=13
LongestDryPeriodTime=10/8/2014
LongestWetPeriod=0
LongestWetPeriodTime=10/1/2014
[Humidity]
Low=10
LTime=10/9/2014 12:40:03 PM
High=99
HTime=10/5/2014 8:34:30 AM
[HeatIndex]
High=84.2645645141602
HTime=10/6/2014 2:14:30 PM
[AppTemp]
Low=23.0532054901123
LTime=10/3/2014 7:16:52 AM
High=86.5679321289063
HTime=10/6/2014 2:12:00 PM
[Dewpoint]
Low=7.7907280921936
LTime=10/9/2014 12:40:03 PM
High=53.3710632324219
HTime=10/7/2014 12:27:17 PM
[WindChill]
Low=27.8600006103516
LTime=10/3/2014 7:16:52 AM
