[General]
Date=10/10/2014
Timestamp=10/10/2014 9:00:00 AM
CurrentYear=2014
CurrentMonth=10
CurrentDay=10
[Wind]
Speed=0.671080887317657
SpTime=08:32
Gust=1.56585538387299
Time=08:32
Bearing=315
Direction=NW
Windrun=0.0335540436208248
DominantWindBearing=307
DominantWindBearingMinutes=541
DominantWindBearingX=-1.59212207794189
DominantWindBearingY=1.21465587615967
[Temp]
Low=31.6399993896484
LTime=07:14
High=41.9000015258789
HTime=00:00
Total=19141.853515625
Samples=542
ChillHours=92.7219924926758
HeatingDegreeDays=0
CoolingDegreeDays=6.38864278793335
[Pressure]
Low=1014.10003662109
LTime=05:20
High=1014.80004882813
HTime=07:52
[Rain]
High=0
HTime=00:00
HourlyHigh=0
HHourlyTime=00:00
Start=16.2283477783203
Yesterday=0
LastTip=2014-09-25 15:06
ConsecutiveRainDays=0
ConsecutiveDryDays=14
RG11Today=0
[ET]
Annual=0
Startofday=0
[Humidity]
Low=83
High=98
LTime=00:00
HTime=08:40
[Solar]
SunshineHours=0
SunshineHoursToMidnight=0
HighSolarRad=0
HighSolarRadTime=00:00
HighUV=0
HighUVTime=00:00
SunStart=0
[HeatIndex]
High=41.9000015258789
HTime=00:00
[AppTemp]
Low=27.8751106262207
LTime=07:14
High=39.1497192382813
HTime=00:00
[WindChill]
Low=31.6399993896484
LTime=07:14
[Dewpoint]
Low=30.641185760498
LTime=07:14
High=37.1219825744629
HTime=00:00
[NOAA]
LatestMonthlyReport=
LatestYearlyReport=
[FineOffset]
FOSensorClockTime=0
FOStationClockTime=0
