[General]
Date=10/9/2014
[Wind]
Speed=805.073364257813
SpTime=7/18/2014 8:18:41 PM
Gust=115.649604797363
Time=10/9/2014 12:40:03 PM
Windrun=114.635772705078
WindrunTime=3/17/2014 11:59:00 PM
[Temp]
Low=-18.5799999237061
LTime=2/6/2014 7:25:46 AM
High=105.07999420166
HTime=7/13/2014 4:34:57 PM
LowMax=14
LMTime=2/5/2014 1:01:00 PM
HighMin=59.3600006103516
HMTime=8/13/2014 11:55:00 PM
LowRange=0
LowRangeTime=7/27/2014
HighRange=58.8600006103516
HighRangeTime=7/29/2014
[Pressure]
Low=901.200012207031
LTime=1/16/2014 5:38:07 PM
High=1041.90002441406
HTime=4/29/2014 8:28:07 AM
[Rain]
High=29.879997253418
HTime=4/22/2014 3:41:00 PM
HourlyHigh=2.49000000953674
HHourlyTime=4/22/2014 4:24:00 PM
DailyHigh=0.779528141021729
HDailyTime=3/27/2014 2:56:42 PM
MonthlyHigh=2.38582706451416
HMonthlyTime=6/28/2014 12:48:51 PM
LongestDryPeriod=19
LongestDryPeriodTime=9/22/2014
LongestWetPeriod=8
LongestWetPeriodTime=2/18/2014
[Humidity]
Low=10
LTime=5/1/2014 2:58:36 PM
High=99
HTime=3/28/2014 5:41:42 AM
[HeatIndex]
High=99.8524322509766
HTime=7/15/2014 2:19:35 PM
[AppTemp]
Low=-372.21826171875
LTime=7/18/2014 8:18:41 PM
High=102.247871398926
HTime=7/15/2014 2:19:35 PM
[Dewpoint]
Low=-33.8157768249512
LTime=2/6/2014 7:00:15 AM
High=65.4969711303711
HTime=8/3/2014 5:05:40 PM
[WindChill]
Low=-18.5799999237061
LTime=2/6/2014 7:25:46 AM
