[General]
Date=10/10/2014
[Wind]
Speed=3.1
SpTime=15:49
Gust=116.0
Time=12:40
Bearing=360
Direction=N
Windrun=11.2666940689087
DominantWindBearing=188
[Temp]
Low=35.1
LTime=06:59
High=73.8
HTime=14:18
HeatingDegreeDays=0
CoolingDegreeDays=32.0122528076172
AvgTemp=50.3101577758789
[Pressure]
Low=1012.1
LTime=15:52
High=1015.2
HTime=09:24
[Rain]
High=0.00
HTime=00:00
HourlyHigh=0
HHourlyTime=00:00
RG11Yesterday=0
[Humidity]
Low=10
High=99
LTime=12:40
HTime=08:43
[Solar]
SunshineHours=0
HighSolarRad=0
HighSolarRadTime=00:00
HighUV=0
HighUVTime=00:00
[HeatIndex]
High=73.7600021362305
HTime=14:18
[AppTemp]
Low=31.546516418457
LTime=06:45
High=71.5737991333008
HTime=14:20
[WindChill]
Low=35.060001373291
LTime=06:59
[Dewpoint]
Low=7.7907280921936
LTime=12:40
High=45.797908782959
HTime=13:14
